# list of tv series

# tv series codes

tvseries <- c("tt5491994", #   1. Planet Earth II (2016)
              "tt0185906", #   2. Band of Brothers (2001)
              "tt0795176", #   3. Planet Earth (2006)
              "tt0944947", #   4. Game of Thrones (2011)
              "tt0903747", #   5. Breaking Bad (2008)
              "tt0306414", #   6. The Wire (2002)
              "tt2861424", #   7. Rick and Morty (2013)
              "tt2395695", #   8. Cosmos: A Spacetime Odyssey (2014)
              "tt0081846", #   9. Cosmos (1980)
              "tt0071075", #  10. The World at War (1973)
              "tt0141842", #  11. The Sopranos (1999)
              "tt1533395", #  12. Life (2009)
              "tt1475582", #  13. Sherlock (2010)
              "tt0417299", #  14. Avatar: The Last Airbender (2005)
              "tt0098769", #  15. The Civil War (1990)
              "tt1806234", #  16. Human Planet (2011)
              "tt0052520", #  17. The Twilight Zone (1959)
              "tt0092337", #  18. Dekalog (1989)
              "tt0303461", #  19. Firefly (2002)
              "tt3530232", #  20. Last Week Tonight with John Oliver (2014)
              "tt2356777", #  21. True Detective (2014)
              "tt1355642", #  22. Fullmetal Alchemist: Brotherhood (2009)
              "tt2802850", #  23. Fargo (2014)
              "tt0103359", #  24. Batman: The Animated Series (1992)
              "tt0877057", #  25. Death Note: Notas da Morte (2006)
              "tt4508902", #  26. One Punch Man (2015)
              "tt0296310", #  27. The Blue Planet (2001)
              "tt0063929", #  28. Monty Python's Flying Circus (1969)
              "tt0213338", #  29. Cowboy Bebop (1998)
              "tt2092588", #  30. Frozen Planet (2011)
              "tt0081834", #  31. Das Boot (1985)
              "tt0475784", #  32. Westworld (2016)
              "tt0112130", #  33. Pride and Prejudice (1995)
              "tt1856010", #  34. House of Cards (2013)
              "tt2571774", #  35. Africa (2013)
              "tt4574334", #  36. Stranger Things (2016)
              "tt0367279", #  37. Arrested Development (2003)
              "tt4742876", #  38. TVF Pitchers (2015)
              "tt2085059", #  39. Black Mirror (2011)
              "tt0108778", #  40. Friends (1994)
              "tt0098904", #  41. Seinfeld (1989)
              "tt0081912", #  42. Only Fools and Horses.... (1981)
              "tt3718778", #  43. Over the Garden Wall (2014)
              "tt0098936", #  44. Twin Peaks (1990)
              "tt2707408", #  45. Narcos (2015)
              "tt0074006", #  46. I, Claudius (1976)
              "tt0193676", #  47. Freaks and Geeks (1999)
              "tt1865718", #  48. Gravity Falls (2012)
              "tt1518542", #  49. Sarabhai vs Sarabhai (2004)
              "tt0096548", #  50. Blackadder Goes Forth (1989)
              "tt0072500", #  51. Fawlty Towers (1975)
              "tt0384766", #  52. Rome (2005)
              "tt0118421", #  53. Oz (1997)
              "tt0096697", #  54. The Simpsons (1989)
              "tt5290382", #  55. Mindhunter (2017)
              "tt0386676", #  56. The Office (2005)
              "tt0121955", #  57. South Park (1997)
              "tt2560140", #  58. Attack on Titan (2013)
              "tt0472954", #  59. It's Always Sunny in Philadelphia (2005)
              "tt4299972", #  60. The Jinx: The Life and Deaths of Robert Durst (2015)
              "tt0412142", #  61. House (2004)
              "tt2442560", #  62. Peaky Blinders (2013)
              "tt0200276", #  63. The West Wing (1999)
              "tt0090509", #  64. The Return of Sherlock Holmes (1986)
              "tt0086661", #  65. The Adventures of Sherlock Holmes (1984)
              "tt0214341", #  66. Dragon Ball Z (1996)
              "tt0353049", #  67. Chappelle's Show (2003)
              "tt0248654", #  68. Six Feet Under (2001)
              "tt1910272", #  69. Steins;Gate (2011)
              "tt0096639", #  70. Lonesome Dove (1989)
              "tt0121220", #  71. Dragon Ball Z (1989)
              "tt1486217", #  72. Archer (2009)
              "tt0348914", #  73. Deadwood (2004)
              "tt0120570", #  74. From the Earth to the Moon (1998)
              "tt5555260", #  75. This Is Us (2016)
              "tt1628033", #  76. Top Gear (2002)
              "tt0459159", #  77. The Thick of It (2005)
              "tt5189670", #  78. Making a Murderer (2015)
              "tt0407362", #  79. Battlestar Galactica (2004)
              "tt0264235", #  80. Curb Your Enthusiasm (2000)
              "tt5712554", #  81. The Grand Tour (2016)
              "tt3032476", #  82. Better Call Saul (2015)
              "tt1494191", #  83. The Untold History of the United States (2012)
              "tt0773262", #  84. Dexter (2006)
              "tt0403778", #  85. Long Way Round (2004)
              "tt0417349", #  86. North & South (2004)
              "tt2297757", #  87. Nathan for You (2013)
              "tt4786824", #  88. The Crown (2016)
              "tt0106179", #  89. The X-Files (1993)
              "tt3322312", #  90. Daredevil (2015)
              "tt5288312", #  91. Shame (2015)
              "tt0286486", #  92. The Shield (2002)
              "tt0088484", #  93. Black-Adder II (1986)
              "tt0436992", #  94. Doctor Who (2005)
              "tt1586680", #  95. Shameless (2011)
              "tt5425186", #  96. Horace and Pete (2016)
              "tt0092324", #  97. Black Adder the Third (1987)
              "tt0094517", #  98. Mystery Science Theater 3000 (1988)
              "tt1606375", #  99. Downton Abbey (2010)
              "tt0203082", # 100. Samurai X: Trust and Betrayal (1999)
              "tt0187664", # 101. Spaced (1999)
              "tt0994314", # 102. Código Geass (2006)
              "tt0380136", # 103. QI (2003)
              "tt0318871", # 104. Berserk (1997)
              "tt0421357", # 105. Fullmetal Alchemist (2003)
              "tt1513168", # 106. Through the Wormhole (2010)
              "tt1641384", # 107. Young Justice (2010)
              "tt0118273", # 108. Brass Eye (1997)
              "tt0314979", # 109. Battlestar Galactica (2003)
              "tt2098220", # 110. Hunter x Hunter (2011)
              "tt0092455", # 111. Star Trek: The Next Generation (1987)
              "tt0083390", # 112. Brideshead Revisited (1981)
              "tt0434706", # 113. Monster (2004)
              "tt1266020", # 114. Parks and Recreation (2009)
              "tt4295140", # 115. Chef's Table (2015)
              "tt0804503", # 116. Mad Men (2007)
              "tt0080306", # 117. Yes Minister (1980)
              "tt0053488", # 118. The Bugs Bunny Show (1960)
              "tt1831164", # 119. Leyla and Mecnun (2011)
              "tt1492966", # 120. Louie (2010)
              "tt0115147", # 121. The Daily Show (1996)
              "tt0758745", # 122. Friday Night Lights (2006)
              "tt0995832", # 123. Generation Kill (2008)
              "tt1733785", # 124. The Bridge (2011)
              "tt5834204", # 125. O Conto da Aia (2017)
              "tt0086831", # 126. Yes, Prime Minister (1986)
              "tt0111958", # 127. Father Ted (1995)
              "tt3920596", # 128. Big Little Lies (2017)
              "tt2401256", # 129. The Night Of (2016)
              "tt0161952", # 130. Os Cavaleiros do Zodíaco (1986)
              "tt0863046", # 131. Flight of the Conchords (2007)
              "tt2049116", # 132. Gomorrah (2014)
              "tt0275137", # 133. Justice League (2001)
              "tt4093826", # 134. Twin Peaks (2017)
              "tt0423731", # 135. Samurai Champloo (2004)
              "tt0472027", # 136. John Adams (2008)
              "tt1489428", # 137. Justified (2010)
              "tt0112159", # 138. Neon Genesis Evangelion (1995)
              "tt1305826", # 139. Adventure Time (2010)
              "tt2100976", # 140. Impractical Jokers (2011)
